completed sudoku: 
--------------------------------------
 | 9 | 3 | 8 | 5 | 4 | 7 | 2 | 6 | 1 |
--------------------------------------
 | 5 | 4 | 7 | 2 | 6 | 1 | 9 | 3 | 8 |
--------------------------------------
 | 2 | 6 | 1 | 9 | 3 | 8 | 5 | 4 | 7 |
--------------------------------------
 | 3 | 9 | 5 | 8 | 7 | 4 | 6 | 1 | 2 |
--------------------------------------
 | 8 | 7 | 4 | 6 | 1 | 2 | 3 | 9 | 5 |
--------------------------------------
 | 6 | 1 | 2 | 3 | 9 | 5 | 8 | 7 | 4 |
--------------------------------------
 | 4 | 8 | 9 | 7 | 5 | 3 | 1 | 2 | 6 |
--------------------------------------
 | 7 | 5 | 3 | 1 | 2 | 6 | 4 | 8 | 9 |
--------------------------------------
 | 1 | 2 | 6 | 4 | 8 | 9 | 7 | 5 | 3 |
--------------------------------------
partially completed sudoku: 
--------------------------------------
 |   | 3 | 8 | 5 | 4 | 7 | 2 |   | 1 |
--------------------------------------
 | 5 |   |   | 2 | 6 | 1 | 9 |   | 8 |
--------------------------------------
 | 2 |   | 1 | 9 | 3 |   | 5 | 4 | 7 |
--------------------------------------
 | 3 |   | 5 | 8 |   | 4 |   |   |   |
--------------------------------------
 | 8 | 7 | 4 | 6 | 1 |   | 3 | 9 | 5 |
--------------------------------------
 | 6 | 1 | 2 | 3 | 9 | 5 | 8 | 7 | 4 |
--------------------------------------
 | 4 |   |   |   | 5 | 3 |   | 2 | 6 |
--------------------------------------
 | 7 | 5 | 3 |   |   | 6 | 4 | 8 | 9 |
--------------------------------------
 | 1 |   | 6 | 4 | 8 | 9 | 7 | 5 |   |
--------------------------------------
